MOSFET Id / Vds
Type:	MOSFET Id / Vds
Trace:	ALD1106NVgs=0.00V		ALD1106NVgs=0.50V		ALD1106NVgs=1.00V		ALD1106NVgs=1.50V		ALD1106NVgs=2.00V		ALD1106NVgs=2.50V		ALD1106NVgs=3.00V	
Tag:	ALD1106NVgs=0.00V		ALD1106NVgs=0.50V		ALD1106NVgs=1.00V		ALD1106NVgs=1.50V		ALD1106NVgs=2.00V		ALD1106NVgs=2.50V		ALD1106NVgs=3.00V	
Colour:	Red		DarkRed		Green		Lime		Blue		Cyan		Magenta	
Point	Vds	Id (mA)	Vds	Id (mA)	Vds	Id (mA)	Vds	Id (mA)	Vds	Id (mA)	Vds	Id (mA)	Vds	Id (mA)
0	-0.00286531448364258	0	-0.00221818685531616	0	-0.00129401683807373	0	-0.000831842422485352	0	-0.000831842422485352	0	-0.000739395618438721	0	-0.00120151042938232	0
1	0.238097369670868	0	0.238467216491699	0	0.205747246742249	0.0535783134400845	0.164616167545319	0.123527571558952	0.14049220085144	0.163711220026016	0.124964118003845	0.191657990217209	0.113687872886658	0.212163209915161
2	0.482572495937347	0	0.482572495937347	0	0.444122016429901	0.0648232474923134	0.353264033794403	0.219439163804054	0.293739676475525	0.317996650934219	0.25889390707016	0.380669862031937	0.232551753520966	0.424160927534103
3	0.725753366947174	0	0.726030707359314	0	0.687025547027588	0.0658154115080833	0.561506807804108	0.276158928871155	0.461868464946747	0.446650773286819	0.397814929485321	0.55694854259491	0.354743003845215	0.626236319541931
4	0.964312970638275	0	0.964682817459106	0	0.924198627471924	0.066807359457016	0.784353494644165	0.300302118062973	0.63350921869278	0.558271110057831	0.544869601726532	0.709249794483185	0.481093406677246	0.8167365193367
5	1.21544289588928	0	1.21553534269333	0	1.1760681271553	0.067468948662281	1.03529846668243	0.305593967437744	0.836760759353638	0.64194655418396	0.704679608345032	0.866510927677155	0.619829714298248	1.00955212116241
6	1.46158176660538	0	1.46259832382202	0	1.42239171266556	0.0671383664011955	1.27921909093857	0.311051070690155	1.05600249767303	0.689736425876617	0.874287068843842	0.995661973953247	0.759767115116119	1.18467330932617
7	1.70540970563889	0	1.70559459924698	0	1.66557270288467	0.0676340237259865	1.52101355791092	0.312043249607086	1.29031056165695	0.702801108360291	1.05535572767258	1.10132992267609	0.909594893455505	1.34772288799286
8	1.94498592615128	0	1.94535601139069	0	1.90459424257278	0.0687916949391365	1.75966548919678	0.313365995883942	1.5265594124794	0.712722361087799	1.25130546092987	1.17888557910919	1.0621030330658	1.49820530414581
9	2.1914941072464	0	2.19112455844879	0	2.15054816007614	0.0687916949391365	2.004787504673	0.314193516969681	1.76983273029327	0.717352569103241	1.46786665916443	1.22452652454376	1.23087865114212	1.6258659362793
10	2.43791037797928	0	2.43864953517914	0	2.39733403921127	0.0692877769470215	2.2510187625885	0.318326830863953	2.01606380939484	0.719666659832001	1.70235967636108	1.24866950511932	1.41296392679214	1.73947179317474
11	2.67739421129227	0	2.67739397287369	0	2.63700240850449	0.0692877769470215	2.48967081308365	0.319154322147369	2.25083386898041	0.725290775299072	1.93500334024429	1.25743472576141	1.60549372434616	1.82066643238068
12	2.93175894021988	0	2.93129670619965	0	2.88822489976883	0.0737529471516609	2.74144744873047	0.324280232191086	2.50177890062332	0.733557820320129	2.18280595541	1.26801669597626	1.82501286268234	1.88168466091156
13	3.17262947559357	0	3.17198240756989	0	3.12964969873428	0.073918879032135	2.98130089044571	0.323453992605209	2.74080044031143	0.734881401062012	2.4183149933815	1.27810513973236	2.04739713668823	1.91045820713043
14	3.41701203584671	0	3.41618078947067	0	3.37153750658035	0.0747451111674309	3.22439002990723	0.327092081308365	2.98231792449951	0.739841401576996	2.65733689069748	1.28752982616425	2.27791541814804	1.93328022956848
15	3.65825206041336	0	3.65815955400467	0	3.61407119035721	0.07441496104002	3.46646118164063	0.327257573604584	3.22207885980606	0.744637966156006	2.90061062574387	1.29050850868225	2.51629024744034	1.94154810905457
16	3.89958417415619	0	3.89893752336502	0	3.85475635528564	0.0744132548570633	3.7056685090065	0.328744560480118	3.46350353956223	0.745134055614471	3.13556575775146	1.2981139421463	2.74588400125504	1.96056437492371
17	4.14655476808548	0	4.1463702917099	0	4.10357576608658	0.0722642689943314	3.95245379209518	0.330069422721863	3.70770198106766	0.749928534030914	3.38114964962006	1.30323946475983	2.99091416597366	1.9655259847641
18	4.38696277141571	0	4.3880723118782	0	4.34527760744095	0.0735874399542809	4.19341689348221	0.329572916030884	3.94801694154739	0.749102711677551	3.62266683578491	1.30456256866455	3.22771710157394	1.97032177448273
19	4.63559806346893	0	4.6348585486412	0	4.59224784374237	0.0702816471457481	4.44020199775696	0.332549422979355	4.19295418262482	0.754726409912109	3.86612516641617	1.31150782108307	3.47256207466125	1.97941672801971
20	4.87914830446243	0	4.87905555963516	0	4.83616930246353	0.0709410980343819	4.68356847763062	0.328414410352707	4.43715274333954	0.753567039966583	4.10773497819901	1.31547725200653	3.71084374189377	1.98586618900299
21	5.12288355827332	0	5.12306874990463	0	5.07944184541702	0.0730909332633018	4.92970675230026	0.326594710350037	4.6787616610527	0.751418948173523	4.34897488355637	1.31928038597107	3.94921946525574	1.99942553043365
22	5.36551016569138	0	5.36550974845886	0	5.32243800163269	0.0735865905880928	5.17066937685013	0.328910917043686	4.91843050718308	0.760677695274353	4.58882856369019	1.32639110088348	4.18897998332977	2.00521206855774
23	5.60767447948456	0	5.60822921991348	0	5.5650646686554	0.0732564404606819	5.41301852464676	0.331556409597397	5.16253608465195	0.758694231510162	4.82988297939301	1.32804524898529	4.43179148435593	2.00719738006592
24	5.85686457157135	0	5.85566240549088	0	5.81286668777466	0.073753796517849	5.65934276580811	0.332878708839417	5.40821176767349	0.762826681137085	5.07472878694534	1.33102095127106	4.67700558900833	2.01232361793518
25	6.09884315729141	0	6.0982882976532	0	6.05484586954117	0.0719341188669205	5.9023380279541	0.332712352275848	5.64991474151611	0.764317095279694	5.31587648391724	1.33532226085663	4.91334682703018	2.02241253852844
26	6.34692245721817	0	6.34692245721817	0	6.30246388912201	0.0739175975322723	6.15097254514694	0.335525065660477	5.89864134788513	0.765969574451447	5.56247711181641	1.3412743806839	5.16309052705765	2.02257561683655
27	6.59722119569778	0	6.59601879119873	0	6.54934221506119	0.0787120684981346	6.39683371782303	0.339991927146912	6.14237695932388	0.773246586322784	5.80796802043915	1.34458112716675	5.40349817276001	2.03646755218506
28	6.84114152193069	0	6.84187978506088	0	6.79474198818207	0.0770604461431503	6.64149433374405	0.340321242809296	6.38906955718994	0.77241986989975	6.05105698108673	1.35102891921997	5.64889794588089	2.03646659851074
29	7.08727985620499	0	7.08774262666702	0	7.04069584608078	0.0780534669756889	6.88633942604065	0.338832557201386	6.63428455591202	0.771424293518066	6.29756534099579	1.34755671024323	5.88958299160004	2.04424023628235
30	7.33277183771133	0	7.33286410570145	0	7.28692704439163	0.0763975828886032	7.13127559423447	0.341315120458603	6.8772811293602	0.774568855762482	6.53926759958267	1.3545036315918	6.13239461183548	2.04804158210754
31	7.57927912473679	0	7.57909512519836	0	7.53389757871628	0.0735857337713242	7.37676793336868	0.344452828168869	7.12055420875549	0.781182169914246	6.78420454263687	1.3596316576004	6.37622249126434	2.05449104309082
32	7.8185795545578	0	7.81978064775467	0	7.77550792694092	0.0749097615480423	7.61680680513382	0.343299448490143	7.36013007164001	0.784160375595093	7.02248722314835	1.36078584194183	6.6136731505394	2.05796408653259
33	8.07544010877609	0	8.07580989599228	0	8.0317211151123	0.0770578905940056	7.87209475040436	0.346769899129868	7.61689901351929	0.783167362213135	7.2770374417305	1.36144709587097	6.86850047111511	2.05829429626465
34	8.31843519210815	0	8.31788104772568	0	8.27434629201889	0.0757389813661575	8.11499959230423	0.346273362636566	7.85518085956573	0.791270196437836	7.51892364025116	1.36326420307159	7.10909324884415	2.06441283226013
35	8.567531645298	0	8.5675328373909	0	8.52251899242401	0.0755717754364014	8.36566686630249	0.344621747732162	8.1055713891983	0.785812020301819	7.76497006416321	1.36938261985779	7.35495436191559	2.06871342658997
36	8.81219226121902	0	8.8107140660286	0	8.76662385463715	0.0765647888183594	8.60847812891006	0.347928404808044	8.34708839654922	0.79028058052063	8.0072273015976	1.37368404865265	7.59600901603699	2.07301139831543
37	9.05657511949539	0	9.05583536624908	0	9.01137739419937	0.0775561034679413	8.85027289390564	0.351897060871124	8.59202635288239	0.794906139373779	8.24800419807434	1.38145756721497	7.83410787582397	2.08458805084229
38	9.30807334184647	0.00165503076277673	9.30770403146744	0	9.26167571544647	0.0793766379356384	9.09927654266357	0.351731568574905	8.83650094270706	0.804664015769959	8.49414277076721	1.38658130168915	8.08329576253891	2.08673787117004
39	9.55125480890274	0	9.55060619115829	0	9.50337666273117	0.0808644592761993	9.33913028240204	0.356195032596588	9.07755643129349	0.807972371578217	8.73316609859467	1.3970011472702	8.3188978433609	2.09980392456055
40	9.79887235164642	0	9.79841130971909	0.00181882758624852	9.74951606988907	0.0833453014492989	9.58850342035294	0.357519060373306	9.32193857431412	0.813761532306671	8.9812445640564	1.39534616470337	8.56744080781937	2.10360550880432
41	10.0393729805946	0	10.0398344993591	0	9.99149405956268	0.0802007392048836	9.82752579450607	0.363141030073166	9.56077492237091	0.813925325870514	9.21370369195938	1.41138970851898	8.79952991008759	2.11733031272888
42	10.2895787358284	0	10.2888398766518	0.00198603677563369	10.2410545945168	0.0833435952663422	10.0756975412369	0.365456372499466	9.80746847391129	0.819878339767456	9.46030449867249	1.4178375005722	9.046038210392	2.12146282196045
43	10.533776640892	0	10.5341465473175	0	10.4842348694801	0.0811954662203789	10.3161065578461	0.369425028562546	10.0476913452148	0.828643143177032	9.69849532842636	1.42445254325867	9.28376507759094	2.13502216339111
44	10.7766807675362	0	10.7764024138451	0	10.7264915704727	0.0831815004348755	10.5579929351807	0.371574878692627	10.2856041789055	0.835921883583069	9.93622183799744	1.43437421321869	9.5204758644104	2.14279890060425
45	11.0238361358643	0	11.0257766842842	0	10.9774362444878	0.0831780880689621	10.8040379285812	0.377029657363892	10.5292468070984	0.842533469200134	10.1746891736984	1.45223486423492	9.75922042131424	2.15833926200867
46	11.2715466022491	0	11.2710844874382	0	11.2209865450859	0.0806972533464432	11.0490692853928	0.381332725286484	10.7711334824562	0.854603290557861	10.4168542027473	1.45951020717621	9.99842727184296	2.16859006881714
47	11.5248005986214	0	11.5246165394783	0	11.4747049808502	0.0831797942519188	11.2982569336891	0.382651627063751	11.019676566124	0.856092810630798	10.6583720445633	1.47488832473755	10.2383732199669	2.19075393676758
48	11.7642861008644	0	11.7644711136818	0.0023153368383646	11.7141884565353	0.0833418890833855	11.5371875166893	0.385961681604385	11.2532457113266	0.868662476539612	10.8923087716103	1.48596847057343	10.4703701138496	2.20728898048401
49	12.0135677456856	0	12.0130119919777	0	11.9618057012558	0.0850003287196159	11.7834185957909	0.390095859766006	11.4979043602943	0.878085911273956	11.1297604441643	1.50614273548126	10.7092077732086	2.21969127655029
